13 teams | 10 its. => solution:
[[9.999e+03 5.500e+01 6.900e+01 9.700e+01 1.530e+02 1.110e+02 8.300e+01
  1.390e+02 1.670e+02 1.810e+02 4.100e+01 2.700e+01 1.250e+02]
 [1.840e+02 9.999e+03 3.000e+01 1.410e+02 5.000e+01 8.600e+01 2.260e+02
  2.540e+02 1.550e+02 1.280e+02 4.400e+01 1.980e+02 1.600e+01]
 [2.240e+02 9.800e+01 9.999e+03 1.260e+02 1.820e+02 1.540e+02 1.680e+02
  2.100e+02 1.960e+02 2.520e+02 2.380e+02 1.120e+02 0.000e+00]
 [2.530e+02 1.690e+02 1.500e+01 9.999e+03 2.900e+01 1.000e+00 4.300e+01
  5.800e+01 8.500e+01 2.110e+02 1.830e+02 2.250e+02 2.390e+02]
 [1.700e+01 2.410e+02 8.700e+01 7.300e+01 9.999e+03 4.500e+01 1.990e+02
  1.290e+02 1.430e+02 1.570e+02 1.710e+02 2.550e+02 2.270e+02]
 [2.420e+02 1.440e+02 2.280e+02 2.000e+02 2.140e+02 9.999e+03 1.580e+02
  1.800e+01 7.400e+01 1.020e+02 3.200e+01 4.000e+00 1.160e+02]
 [1.180e+02 2.440e+02 2.160e+02 1.040e+02 9.000e+01 2.580e+02 9.999e+03
  4.800e+01 3.400e+01 6.000e+00 7.600e+01 1.740e+02 1.460e+02]
 [9.100e+01 6.300e+01 1.610e+02 1.190e+02 1.890e+02 1.680e+02 9.000e+00
  9.999e+03 2.240e+02 1.400e+01 2.450e+02 2.380e+02 2.170e+02]
 [5.000e+01 1.200e+02 2.600e+02 2.180e+02 1.060e+02 1.760e+02 1.900e+02
  7.800e+01 9.999e+03 1.620e+02 1.480e+02 9.200e+01 2.040e+02]
 [2.600e+02 1.060e+02 7.800e+01 2.320e+02 3.600e+01 5.000e+01 6.400e+01
  1.760e+02 2.200e+01 9.999e+03 9.200e+01 2.040e+02 1.900e+02]
 [2.110e+02 1.000e+00 8.000e+00 1.550e+02 9.900e+01 1.410e+02 1.270e+02
  1.970e+02 1.130e+02 2.250e+02 9.999e+03 8.500e+01 2.530e+02]
 [2.330e+02 2.120e+02 4.400e+01 3.700e+01 5.800e+01 1.910e+02 1.600e+01
  1.490e+02 2.470e+02 1.350e+02 5.100e+01 9.999e+03 1.840e+02]
 [9.000e+00 2.300e+01 3.700e+01 5.100e+01 6.500e+01 7.900e+01 9.300e+01
  1.070e+02 1.350e+02 1.490e+02 1.630e+02 1.770e+02 9.999e+03]]

13 teams | 100 its. => solution:
[[9.999e+03 5.500e+01 6.900e+01 9.700e+01 1.530e+02 1.110e+02 8.300e+01
  1.390e+02 1.670e+02 1.810e+02 4.100e+01 2.700e+01 1.250e+02]
 [1.840e+02 9.999e+03 3.000e+01 1.410e+02 5.000e+01 8.600e+01 2.260e+02
  2.540e+02 1.550e+02 1.280e+02 4.400e+01 1.980e+02 1.600e+01]
 [2.240e+02 9.800e+01 9.999e+03 1.120e+02 1.820e+02 1.540e+02 5.600e+01
  2.100e+02 2.520e+02 1.680e+02 2.380e+02 1.260e+02 0.000e+00]
 [2.530e+02 1.690e+02 1.500e+01 9.999e+03 2.900e+01 1.000e+00 4.300e+01
  5.800e+01 8.500e+01 2.110e+02 1.830e+02 2.250e+02 2.390e+02]
 [1.700e+01 2.410e+02 8.700e+01 7.300e+01 9.999e+03 1.290e+02 1.990e+02
  4.500e+01 1.430e+02 1.570e+02 1.710e+02 2.550e+02 2.270e+02]
 [2.420e+02 7.400e+01 2.280e+02 2.000e+02 2.140e+02 9.999e+03 1.580e+02
  1.800e+01 6.000e+01 1.020e+02 3.200e+01 4.000e+00 1.160e+02]
 [1.180e+02 2.440e+02 2.160e+02 1.040e+02 9.000e+01 2.580e+02 9.999e+03
  4.800e+01 3.400e+01 6.000e+00 7.600e+01 1.740e+02 1.460e+02]
 [9.100e+01 6.300e+01 1.610e+02 1.190e+02 1.890e+02 1.680e+02 9.000e+00
  9.999e+03 2.240e+02 1.400e+01 2.450e+02 2.380e+02 2.170e+02]
 [5.000e+01 1.200e+02 2.600e+02 1.480e+02 1.060e+02 1.760e+02 1.900e+02
  7.800e+01 9.999e+03 2.460e+02 2.180e+02 9.200e+01 2.040e+02]
 [2.600e+02 1.060e+02 7.800e+01 2.320e+02 3.600e+01 5.000e+01 6.400e+01
  1.760e+02 2.200e+01 9.999e+03 9.200e+01 2.040e+02 1.900e+02]
 [2.110e+02 1.000e+00 8.000e+00 1.550e+02 9.900e+01 1.410e+02 1.270e+02
  1.970e+02 1.130e+02 2.250e+02 9.999e+03 8.500e+01 2.530e+02]
 [2.330e+02 2.120e+02 4.400e+01 1.910e+02 5.800e+01 1.840e+02 1.600e+01
  1.490e+02 3.700e+01 1.350e+02 5.100e+01 9.999e+03 1.000e+02]
 [9.000e+00 2.300e+01 3.700e+01 5.100e+01 6.500e+01 9.300e+01 1.770e+02
  1.070e+02 1.350e+02 1.490e+02 1.630e+02 2.470e+02 9.999e+03]]

13 teams | 1000 its. => solution:
[[9.999e+03 1.810e+02 8.300e+01 9.700e+01 1.670e+02 4.100e+01 1.250e+02
  1.390e+02 5.500e+01 6.900e+01 1.110e+02 2.700e+01 1.530e+02]
 [8.600e+01 9.999e+03 3.000e+01 1.980e+02 5.000e+01 2.540e+02 1.550e+02
  4.400e+01 1.690e+02 1.410e+02 2.110e+02 2.000e+00 1.280e+02]
 [2.240e+02 7.000e+01 9.999e+03 1.260e+02 2.100e+02 1.680e+02 1.960e+02
  1.820e+02 9.800e+01 4.200e+01 2.380e+02 1.120e+02 0.000e+00]
 [2.110e+02 1.130e+02 1.500e+01 9.999e+03 4.300e+01 1.830e+02 2.390e+02
  1.000e+00 2.900e+01 2.530e+02 1.690e+02 5.800e+01 8.500e+01]
 [1.700e+01 2.410e+02 1.990e+02 1.430e+02 9.999e+03 1.290e+02 1.850e+02
  3.100e+01 8.700e+01 1.570e+02 5.900e+01 2.550e+02 7.300e+01]
 [2.000e+02 1.020e+02 1.580e+02 7.400e+01 2.280e+02 9.999e+03 1.440e+02
  1.160e+02 4.000e+00 6.000e+01 3.200e+01 2.420e+02 1.800e+01]
 [3.400e+01 1.880e+02 9.000e+01 1.040e+02 2.000e+01 1.320e+02 9.999e+03
  2.580e+02 4.800e+01 2.300e+02 1.180e+02 7.600e+01 1.740e+02]
 [1.890e+02 6.300e+01 5.600e+01 2.240e+02 9.100e+01 2.100e+02 9.000e+00
  9.999e+03 1.400e+01 1.680e+02 2.450e+02 1.260e+02 1.610e+02]
 [2.600e+02 2.320e+02 2.460e+02 2.200e+01 1.760e+02 2.180e+02 1.480e+02
  7.800e+01 9.999e+03 1.060e+02 2.040e+02 3.600e+01 1.200e+02]
 [2.460e+02 7.800e+01 2.200e+01 5.000e+01 3.600e+01 1.760e+02 2.040e+02
  1.480e+02 1.340e+02 9.999e+03 9.200e+01 1.900e+02 2.600e+02]
 [2.530e+02 2.250e+02 8.000e+00 1.550e+02 9.900e+01 1.970e+02 1.000e+00
  2.200e+01 1.270e+02 8.500e+01 9.999e+03 1.830e+02 1.410e+02]
 [2.330e+02 1.600e+01 1.490e+02 1.350e+02 2.190e+02 8.600e+01 6.500e+01
  1.980e+02 1.560e+02 2.120e+02 4.400e+01 9.999e+03 1.000e+02]
 [9.000e+00 2.300e+01 3.700e+01 1.910e+02 1.070e+02 9.300e+01 2.470e+02
  2.330e+02 6.500e+01 2.190e+02 5.100e+01 2.050e+02 9.999e+03]]

4 teams | 10 its. => solution:
[[9.999e+03 5.500e+01 6.900e+01 9.700e+01 1.530e+02 1.110e+02 8.300e+01
  1.390e+02 1.670e+02 1.810e+02 4.100e+01 2.700e+01 1.250e+02]
 [1.840e+02 9.999e+03 3.000e+01 1.410e+02 5.000e+01 8.600e+01 2.260e+02
  2.540e+02 1.550e+02 1.280e+02 4.400e+01 1.980e+02 1.600e+01]
 [2.240e+02 9.800e+01 9.999e+03 1.260e+02 1.820e+02 1.540e+02 1.680e+02
  2.100e+02 1.960e+02 2.520e+02 2.380e+02 1.120e+02 0.000e+00]
 [2.530e+02 1.690e+02 1.500e+01 9.999e+03 2.900e+01 1.000e+00 4.300e+01
  5.800e+01 8.500e+01 2.110e+02 1.830e+02 2.250e+02 2.390e+02]
 [1.700e+01 2.410e+02 8.700e+01 7.300e+01 9.999e+03 4.500e+01 1.990e+02
  1.290e+02 1.430e+02 1.570e+02 1.710e+02 2.550e+02 2.270e+02]
 [2.420e+02 1.440e+02 2.280e+02 2.000e+02 2.140e+02 9.999e+03 1.580e+02
  1.800e+01 7.400e+01 1.020e+02 3.200e+01 4.000e+00 1.160e+02]
 [1.180e+02 2.440e+02 2.160e+02 1.040e+02 9.000e+01 2.580e+02 9.999e+03
  4.800e+01 3.400e+01 6.000e+00 7.600e+01 1.740e+02 1.460e+02]
 [9.100e+01 6.300e+01 1.610e+02 1.190e+02 1.890e+02 1.680e+02 9.000e+00
  9.999e+03 2.240e+02 1.400e+01 2.450e+02 2.380e+02 2.170e+02]
 [5.000e+01 1.200e+02 2.600e+02 2.180e+02 1.060e+02 1.760e+02 1.900e+02
  7.800e+01 9.999e+03 1.620e+02 1.480e+02 9.200e+01 2.040e+02]
 [2.600e+02 1.060e+02 7.800e+01 2.320e+02 3.600e+01 5.000e+01 6.400e+01
  1.760e+02 2.200e+01 9.999e+03 9.200e+01 2.040e+02 1.900e+02]
 [2.110e+02 1.000e+00 8.000e+00 1.550e+02 9.900e+01 1.410e+02 1.270e+02
  1.970e+02 1.130e+02 2.250e+02 9.999e+03 8.500e+01 2.530e+02]
 [2.330e+02 2.120e+02 4.400e+01 3.700e+01 5.800e+01 1.910e+02 1.600e+01
  1.490e+02 2.470e+02 1.350e+02 5.100e+01 9.999e+03 1.840e+02]
 [9.000e+00 2.300e+01 3.700e+01 5.100e+01 6.500e+01 7.900e+01 9.300e+01
  1.070e+02 1.350e+02 1.490e+02 1.630e+02 1.770e+02 9.999e+03]]

4 teams | 100 its. => solution:
[[9.999e+03 1.110e+02 6.900e+01 9.700e+01 1.670e+02 1.810e+02 8.300e+01
  2.700e+01 4.100e+01 1.390e+02 5.500e+01 1.530e+02 1.250e+02]
 [1.840e+02 9.999e+03 3.000e+01 1.410e+02 5.000e+01 8.600e+01 1.690e+02
  2.540e+02 1.550e+02 1.280e+02 4.400e+01 1.980e+02 1.600e+01]
 [1.960e+02 9.800e+01 9.999e+03 1.120e+02 1.820e+02 1.540e+02 5.600e+01
  2.100e+02 1.680e+02 2.520e+02 2.380e+02 1.260e+02 0.000e+00]
 [2.530e+02 1.000e+00 1.500e+01 9.999e+03 2.900e+01 5.800e+01 2.110e+02
  4.300e+01 8.500e+01 1.690e+02 1.830e+02 2.250e+02 2.390e+02]
 [1.700e+01 7.300e+01 8.700e+01 1.290e+02 9.999e+03 4.500e+01 1.990e+02
  1.570e+02 5.900e+01 2.410e+02 1.710e+02 2.550e+02 2.270e+02]
 [2.420e+02 1.440e+02 2.280e+02 7.400e+01 2.140e+02 9.999e+03 1.580e+02
  2.000e+02 1.020e+02 1.800e+01 3.200e+01 4.000e+00 1.160e+02]
 [9.000e+01 2.440e+02 1.180e+02 1.040e+02 2.300e+02 2.580e+02 9.999e+03
  1.320e+02 3.400e+01 6.000e+00 7.600e+01 1.460e+02 4.800e+01]
 [2.240e+02 6.300e+01 1.890e+02 1.190e+02 9.100e+01 1.680e+02 9.000e+00
  9.999e+03 1.400e+01 2.170e+02 2.450e+02 2.380e+02 5.600e+01]
 [2.040e+02 1.200e+02 2.180e+02 2.320e+02 1.060e+02 1.900e+02 1.760e+02
  7.800e+01 9.999e+03 5.000e+01 1.480e+02 9.200e+01 2.600e+02]
 [2.320e+02 1.620e+02 2.600e+02 1.480e+02 3.600e+01 1.060e+02 6.400e+01
  1.760e+02 2.200e+01 9.999e+03 9.200e+01 7.800e+01 2.040e+02]
 [2.110e+02 8.000e+00 2.200e+01 1.550e+02 1.410e+02 1.270e+02 9.900e+01
  1.000e+00 1.970e+02 2.250e+02 9.999e+03 8.500e+01 2.530e+02]
 [5.800e+01 2.120e+02 4.400e+01 5.100e+01 1.910e+02 1.350e+02 1.600e+01
  1.000e+02 2.470e+02 1.840e+02 6.500e+01 9.999e+03 3.700e+01]
 [9.000e+00 2.300e+01 7.900e+01 6.500e+01 1.490e+02 9.300e+01 2.190e+02
  1.070e+02 1.350e+02 1.910e+02 1.630e+02 1.770e+02 9.999e+03]]

4 teams | 1000 its. => solution:
[[9.999e+03 1.110e+02 6.900e+01 9.700e+01 1.530e+02 1.810e+02 4.100e+01
  1.390e+02 2.700e+01 8.300e+01 1.670e+02 5.500e+01 1.250e+02]
 [1.980e+02 9.999e+03 3.000e+01 2.000e+00 5.000e+01 8.600e+01 1.550e+02
  2.540e+02 1.280e+02 1.690e+02 1.840e+02 2.400e+02 1.600e+01]
 [2.240e+02 9.800e+01 9.999e+03 1.260e+02 1.820e+02 1.960e+02 1.680e+02
  2.100e+02 1.540e+02 2.520e+02 2.380e+02 1.120e+02 0.000e+00]
 [2.110e+02 1.410e+02 5.800e+01 9.999e+03 2.900e+01 1.500e+01 8.500e+01
  1.970e+02 4.300e+01 2.250e+02 1.130e+02 1.830e+02 1.690e+02]
 [1.700e+01 7.300e+01 8.700e+01 1.290e+02 9.999e+03 2.550e+02 1.990e+02
  4.500e+01 1.430e+02 2.410e+02 5.900e+01 1.710e+02 2.270e+02]
 [2.420e+02 6.000e+01 4.600e+01 7.400e+01 1.020e+02 9.999e+03 1.440e+02
  1.160e+02 2.140e+02 1.300e+02 3.200e+01 4.000e+00 1.580e+02]
 [4.800e+01 2.160e+02 2.440e+02 2.580e+02 2.300e+02 1.880e+02 9.999e+03
  1.040e+02 2.000e+01 6.000e+00 7.600e+01 3.400e+01 1.180e+02]
 [1.890e+02 9.100e+01 9.000e+00 2.170e+02 1.610e+02 1.680e+02 5.600e+01
  9.999e+03 2.450e+02 1.400e+01 2.240e+02 1.260e+02 2.380e+02]
 [1.060e+02 1.620e+02 2.600e+02 2.040e+02 2.180e+02 2.320e+02 1.760e+02
  3.600e+01 9.999e+03 5.000e+01 1.200e+02 7.800e+01 1.900e+02]
 [2.600e+02 1.760e+02 7.800e+01 1.620e+02 3.600e+01 2.200e+01 6.400e+01
  2.320e+02 9.200e+01 9.999e+03 1.340e+02 2.040e+02 1.060e+02]
 [2.530e+02 4.300e+01 2.200e+01 1.550e+02 2.110e+02 8.000e+00 1.270e+02
  1.000e+00 9.900e+01 1.410e+02 9.999e+03 8.500e+01 1.970e+02]
 [2.330e+02 2.260e+02 1.600e+01 2.470e+02 1.910e+02 9.300e+01 1.350e+02
  1.490e+02 6.500e+01 2.120e+02 5.100e+01 9.999e+03 4.400e+01]
 [9.000e+00 2.300e+01 3.700e+01 5.100e+01 2.470e+02 2.050e+02 9.300e+01
  7.900e+01 1.350e+02 1.490e+02 1.770e+02 2.190e+02 9.999e+03]]

Timings:
         13     4 
10     3.31   1.36
100    4.18   2.16
1000  16.17  11.36
